38
gb|AKF16168|ARO       0.0000000 2.0083185 1.8804761 0.0020988 0.0000010 1.9732270 0.0021010 0.0000010 2.2218423 0.0000010 0.0020998 2.2168260 1.9648059 2.2201332 2.2229723 1.8477881 0.2098553 1.9759727 0.0000010 2.2244753 1.8477881 1.9610125 0.1881598 0.1962311 1.9895508 1.9862415 1.9600168 0.0063377 0.0020981 1.9848653 1.9981455 1.9673202 1.9759727 0.0020987 0.0000010 0.0020971 1.9000392 2.0962468 
gb|ASU10319.1|ARO     2.0083185 0.0000000 0.5207342 1.9992235 2.0083185 0.0349401 2.0056087 2.0083185 1.1428402 2.0083185 2.0098750 1.1360617 0.0380809 1.1453490 1.1424908 1.7694776 1.9785898 0.0354539 2.0083185 1.1496131 1.7694776 0.0381085 2.0898790 1.9528328 0.0127853 0.0239547 0.0401750 2.0354987 2.0000993 0.0306060 0.0042418 0.0371556 0.0354539 2.0079066 2.0083185 2.0019698 1.3207449 0.4391834 
gb|WP_001572373.1|ARO 1.8804761 0.5207342 0.0000000 1.8719458 1.8804761 0.5256774 1.8809523 1.8804761 1.2103964 1.8804761 1.8826088 1.2033007 0.5197912 1.2074934 1.2221319 1.8078091 2.0270412 0.5204803 1.8804761 1.2174768 1.8078091 0.5205088 2.0789293 2.0047189 0.5148902 0.5260858 0.5173205 1.8990758 1.8742888 0.5259345 0.5180206 0.5253937 0.5204803 1.8745607 1.8804761 1.8744564 1.3275858 0.5587441 
gb|APM84488.1|ARO     0.0020988 1.9992235 1.8719458 0.0000000 0.0020988 1.9642992 0.0042091 0.0020988 2.2307081 0.0020988 0.0042067 2.2256777 1.9559225 2.2289907 2.2318522 1.8451457 0.2128346 1.9670287 0.0020988 2.2333552 1.8451457 1.9521491 0.1910292 0.1991492 1.9805595 1.9772509 1.9511637 0.0084643 0.0042032 1.9758822 1.9890915 1.9584278 1.9670287 0.0042044 0.0020988 0.0042012 1.8913145 2.0866570 
gb|ATM29809.1|ARO     0.0000010 2.0083185 1.8804761 0.0020988 0.0000000 1.9732270 0.0021010 0.0000010 2.2218423 0.0000010 0.0020998 2.2168260 1.9648059 2.2201332 2.2229723 1.8477881 0.2098553 1.9759727 0.0000010 2.2244753 1.8477881 1.9610125 0.1881598 0.1962311 1.9895508 1.9862415 1.9600168 0.0063377 0.0020981 1.9848653 1.9981455 1.9673202 1.9759727 0.0020987 0.0000010 0.0020971 1.9000392 2.0962468 
gb|AVZ47168.1|ARO     1.9732270 0.0349401 0.5256774 1.9642992 1.9732270 0.0000000 1.9705406 1.9732270 1.1388658 1.9732270 1.9747638 1.1321437 0.0285590 1.1413545 1.1385149 1.7900344 1.9862442 0.0260732 1.9732270 1.1455830 1.7900344 0.0285791 2.0977346 1.9559563 0.0304844 0.0192660 0.0306379 1.9999383 1.9651192 0.0171023 0.0304544 0.0021151 0.0260732 1.9731734 1.9732270 1.9669393 1.3162823 0.4289407 
gb|AQQ11622.1|ARO     0.0021010 2.0056087 1.8809523 0.0042091 0.0021010 1.9705406 0.0000000 0.0021010 2.2193825 0.0021010 0.0042112 2.2143694 1.9621261 2.2176754 2.2205088 1.8472199 0.2130280 1.9732835 0.0021010 2.2220120 1.8472199 1.9583358 0.1912045 0.1993318 1.9868582 1.9835465 1.9573424 0.0084732 0.0042077 1.9821714 1.9954409 1.9646397 1.9732835 0.0042088 0.0021010 0.0042056 1.8866178 2.0934625 
gb|BBB21811.1|ARO     0.0000010 2.0083185 1.8804761 0.0020988 0.0000010 1.9732270 0.0021010 0.0000000 2.2218423 0.0000010 0.0020998 2.2168260 1.9648059 2.2201332 2.2229723 1.8477881 0.2098553 1.9759727 0.0000010 2.2244753 1.8477881 1.9610125 0.1881598 0.1962311 1.9895508 1.9862415 1.9600168 0.0063377 0.0020981 1.9848653 1.9981455 1.9673202 1.9759727 0.0020987 0.0000010 0.0020971 1.9000392 2.0962468 
gb|AVK94777.1|ARO     2.2218423 1.1428402 1.2103964 2.2307081 2.2218423 1.1388658 2.2193825 2.2218423 0.0000000 2.2218423 2.2235560 0.0064777 1.1076751 0.0021178 0.0021205 1.8409039 2.2266988 1.1121142 2.2218423 0.0021190 1.8409039 1.1041184 2.2549747 2.2105303 1.1331014 1.1305257 1.1021530 2.2365237 2.2127983 1.1389976 1.1405332 1.1389766 1.1121142 2.2197141 2.2218423 2.2150293 1.4021068 1.2343481 
gb|AQY61516.1|ARO     0.0000010 2.0083185 1.8804761 0.0020988 0.0000010 1.9732270 0.0021010 0.0000010 2.2218423 0.0000000 0.0020998 2.2168260 1.9648059 2.2201332 2.2229723 1.8477881 0.2098553 1.9759727 0.0000010 2.2244753 1.8477881 1.9610125 0.1881598 0.1962311 1.9895508 1.9862415 1.9600168 0.0063377 0.0020981 1.9848653 1.9981455 1.9673202 1.9759727 0.0020987 0.0000010 0.0020971 1.9000392 2.0962468 
gb|AVM85874.1|ARO     0.0020998 2.0098750 1.8826088 0.0042067 0.0020998 1.9747638 0.0042112 0.0020998 2.2235560 0.0020998 0.0000000 2.2185375 1.9663372 2.2218455 2.2246887 1.8613064 0.2068705 1.9775116 0.0020998 2.2261916 1.8613064 1.9625413 0.1852836 0.1933067 1.9910943 1.9877857 1.9615441 0.0063135 0.0042053 1.9739963 1.9996976 1.9688523 1.9775116 0.0042065 0.0020998 0.0042032 1.9015598 2.0984206 
gb|AUI38915.1|ARO     2.2168260 1.1360617 1.2033007 2.2256777 2.2168260 1.1321437 2.2143694 2.2168260 0.0064777 2.2168260 2.2185375 0.0000000 1.1011180 0.0086459 0.0086567 1.8552592 2.2217224 1.1055168 2.2168260 0.0043083 1.8552592 1.0975818 2.2499097 2.2055813 1.1263813 1.1238349 1.0956093 2.2314804 2.2077933 1.1322769 1.1337674 1.1322501 1.1055168 2.2147003 2.2168260 2.2100176 1.4389415 1.2271262 
gb|SBZ31568.1|ARO     1.9648059 0.0380809 0.5197912 1.9559225 1.9648059 0.0285590 1.9621261 1.9648059 1.1076751 1.9648059 1.9663372 1.1011180 0.0000000 1.1101091 1.1073000 1.7607359 1.9290366 0.0021366 1.9648059 1.1142358 1.7607359 0.0021141 2.0347312 1.8996248 0.0472357 0.0130831 0.0064552 1.9854397 1.9567289 0.0196918 0.0426606 0.0307780 0.0021366 1.9647528 1.9648059 1.9585360 1.3129106 0.4311476 
gb|AVK94779.1|ARO     2.2201332 1.1453490 1.2074934 2.2289907 2.2201332 1.1413545 2.2176754 2.2201332 0.0021178 2.2201332 2.2218455 0.0086459 1.1101091 0.0000000 0.0042458 1.8447842 2.2250014 1.1145623 2.2201332 0.0042428 1.8447842 1.1065455 2.2532362 2.2088487 1.1355905 1.1330046 1.1045831 2.2347996 2.2110967 1.1414857 1.1430378 1.1414669 1.1145623 2.2180067 2.2201332 2.2133245 1.4000489 1.2340752 
gb|AVK94778.1|ARO     2.2229723 1.1424908 1.2221319 2.2318522 2.2229723 1.1385149 2.2205088 2.2229723 0.0021205 2.2229723 2.2246887 0.0086567 1.1073000 0.0042458 0.0000000 1.8336337 2.2278257 1.1117415 2.2229723 0.0042481 1.8336337 1.1037408 2.2561561 2.2116313 1.1327444 1.1301675 1.1017729 2.2376779 2.2139147 1.1386469 1.1401819 1.1386257 1.1117415 2.2208410 2.2229723 2.2161500 1.4020214 1.2366264 
gb|AVM85875.1|ARO     1.8477881 1.7694776 1.8078091 1.8451457 1.8477881 1.7900344 1.8472199 1.8477881 1.8409039 1.8477881 1.8613064 1.8552592 1.7607359 1.8447842 1.8336337 0.0000000 1.8368582 1.7821994 1.8477881 1.8413435 0.0000010 1.7530089 1.8234587 1.8363649 1.7527415 1.7851470 1.7719525 1.8645684 1.8472570 1.7807916 1.7660630 1.7900344 1.7821994 1.8473385 1.8477881 1.8424459 1.7290399 1.8560876 
gb|SBV31106.1|ARO     0.2098553 1.9785898 2.0270412 0.2128346 0.2098553 1.9862442 0.2130280 0.2098553 2.2266988 0.2098553 0.2068705 2.2217224 1.9290366 2.2250014 2.2278257 1.8368582 0.0000000 1.9399531 0.2098553 2.2293144 1.8368582 1.9253259 0.1049667 0.0129044 1.9793995 1.9624170 1.9243714 0.2154519 0.2127457 1.9679711 1.9879202 1.9802939 1.9399531 0.2128347 0.2098553 0.2126282 2.0193239 2.0910641 
gb|ASF81896.1|ARO     1.9759727 0.0354539 0.5204803 1.9670287 1.9759727 0.0260732 1.9732835 1.9759727 1.1121142 1.9759727 1.9775116 1.1055168 0.0021366 1.1145623 1.1117415 1.7821994 1.9399531 0.0000000 1.9759727 1.1187140 1.7821994 0.0042863 2.0463347 1.9103796 0.0445122 0.0107776 0.0042533 1.9967242 1.9678533 0.0173070 0.0399840 0.0282684 0.0000010 1.9759189 1.9759727 1.9696780 1.3289195 0.4246089 
gb|ANR95875.1|ARO     0.0000010 2.0083185 1.8804761 0.0020988 0.0000010 1.9732270 0.0021010 0.0000010 2.2218423 0.0000010 0.0020998 2.2168260 1.9648059 2.2201332 2.2229723 1.8477881 0.2098553 1.9759727 0.0000000 2.2244753 1.8477881 1.9610125 0.1881598 0.1962311 1.9895508 1.9862415 1.9600168 0.0063377 0.0020981 1.9848653 1.9981455 1.9673202 1.9759727 0.0020987 0.0000010 0.0020971 1.9000392 2.0962468 
gb|ASR73329.1|ARO     2.2244753 1.1496131 1.2174768 2.2333552 2.2244753 1.1455830 2.2220120 2.2244753 0.0021190 2.2244753 2.2261916 0.0043083 1.1142358 0.0042428 0.0042481 1.8413435 2.2293144 1.1187140 2.2244753 0.0000000 1.8413435 1.1106598 2.2576579 2.2131193 1.1398180 1.1372137 1.1087021 2.2391821 2.2154186 1.1457133 1.1472939 1.1456981 1.1187140 2.2223442 2.2244753 2.2176549 1.4103735 1.2415519 
gb|ASK40551.1|ARO     1.8477881 1.7694776 1.8078091 1.8451457 1.8477881 1.7900344 1.8472199 1.8477881 1.8409039 1.8477881 1.8613064 1.8552592 1.7607359 1.8447842 1.8336337 0.0000010 1.8368582 1.7821994 1.8477881 1.8413435 0.0000000 1.7530089 1.8234587 1.8363649 1.7527415 1.7851470 1.7719525 1.8645684 1.8472570 1.7807916 1.7660630 1.7900344 1.7821994 1.8473385 1.8477881 1.8424459 1.7290399 1.8560876 
gb|AUN87920.1|ARO     1.9610125 0.0381085 0.5205088 1.9521491 1.9610125 0.0285791 1.9583358 1.9610125 1.1041184 1.9610125 1.9625413 1.0975818 0.0021141 1.1065455 1.1037408 1.7530089 1.9253259 0.0042863 1.9610125 1.1106598 1.7530089 0.0000000 2.0307937 1.8959669 0.0472704 0.0130921 0.0086335 1.9816076 1.9529494 0.0197054 0.0426917 0.0307997 0.0042863 1.9609597 1.9610125 1.9547507 1.3075340 0.4317169 
gb|ASK49942.1|ARO     0.1881598 2.0898790 2.0789293 0.1910292 0.1881598 2.0977346 0.1912045 0.1881598 2.2549747 0.1881598 0.1852836 2.2499097 2.0347312 2.2532362 2.2561561 1.8234587 0.1049667 2.0463347 0.1881598 2.2576579 1.8234587 2.0307937 0.0000000 0.1019152 2.0908110 2.0700098 2.0297153 0.1935855 0.1909500 2.0760467 2.1000858 2.0913540 2.0463347 0.1910277 0.1881598 0.1908474 1.9418574 2.1949600 
gb|ASK49941.1|ARO     0.1962311 1.9528328 2.0047189 0.1991492 0.1962311 1.9559563 0.1993318 0.1962311 2.2105303 0.1962311 0.1933067 2.2055813 1.8996248 2.2088487 2.2116313 1.8363649 0.0129044 1.9103796 0.1962311 2.2131193 1.8363649 1.8959669 0.1019152 0.0000000 1.9536183 1.9325697 1.8950404 0.2017355 0.1990662 1.9380085 1.9619823 1.9501062 1.9103796 0.1991482 0.1962311 0.1989578 1.9837655 2.0840089 
gb|AST36140.1|ARO     1.9895508 0.0127853 0.5148902 1.9805595 1.9895508 0.0304844 1.9868582 1.9895508 1.1331014 1.9895508 1.9910943 1.1263813 0.0472357 1.1355905 1.1327444 1.7527415 1.9793995 0.0445122 1.9895508 1.1398180 1.7527415 0.0472704 2.0908110 1.9536183 0.0000000 0.0372900 0.0493183 2.0164375 1.9814043 0.0350510 0.0084905 0.0326899 0.0445122 1.9891351 1.9895508 1.9832449 1.3263643 0.4328000 
gb|ATQ63376.1|ARO     1.9862415 0.0239547 0.5260858 1.9772509 1.9862415 0.0192660 1.9835465 1.9862415 1.1305257 1.9862415 1.9877857 1.1238349 0.0130831 1.1330046 1.1301675 1.7851470 1.9624170 0.0107776 1.9862415 1.1372137 1.7851470 0.0130921 2.0700098 1.9325697 0.0372900 0.0000000 0.0151971 2.0070796 1.9780917 0.0063759 0.0283832 0.0214247 0.0107776 1.9861871 1.9862415 1.9799306 1.3293950 0.4277569 
gb|ASU04896.1|ARO     1.9600168 0.0401750 0.5173205 1.9511637 1.9600168 0.0306379 1.9573424 1.9600168 1.1021530 1.9600168 1.9615441 1.0956093 0.0064552 1.1045831 1.1017729 1.7719525 1.9243714 0.0042533 1.9600168 1.1087021 1.7719525 0.0086335 2.0297153 1.8950404 0.0493183 0.0151971 0.0000000 1.9805895 1.9519620 0.0217895 0.0447491 0.0328523 0.0042533 1.9599641 1.9600168 1.9537608 1.3170689 0.4245016 
gb|ASK49940.1|ARO     0.0063377 2.0354987 1.8990758 0.0084643 0.0063377 1.9999383 0.0084732 0.0063377 2.2365237 0.0063377 0.0063135 2.2314804 1.9854397 2.2347996 2.2376779 1.8645684 0.2154519 1.9967242 0.0063377 2.2391821 1.8645684 1.9816076 0.1935855 0.2017355 2.0164375 2.0070796 1.9805895 0.0000000 0.0084615 1.9988692 2.0252126 1.9939304 1.9967242 0.0084638 0.0063377 0.0084573 1.9126212 2.1130103 
gb|AVA31022.1|ARO     0.0020981 2.0000993 1.8742888 0.0042032 0.0020981 1.9651192 0.0042077 0.0020981 2.2127983 0.0020981 0.0042053 2.2077933 1.9567289 2.2110967 2.2139147 1.8472570 0.2127457 1.9678533 0.0020981 2.2154186 1.8472570 1.9529494 0.1909500 0.1990662 1.9814043 1.9780917 1.9519620 0.0084615 0.0000000 1.9767208 1.9899523 1.9592379 1.9678533 0.0042030 0.0020981 0.0041997 1.8994729 2.0876959 
gb|AST36144.1|ARO     1.9848653 0.0306060 0.5259345 1.9758822 1.9848653 0.0171023 1.9821714 1.9848653 1.1389976 1.9848653 1.9739963 1.1322769 0.0196918 1.1414857 1.1386469 1.7807916 1.9679711 0.0173070 1.9848653 1.1457133 1.7807916 0.0197054 2.0760467 1.9380085 0.0350510 0.0063759 0.0217895 1.9988692 1.9767208 0.0000000 0.0305595 0.0192564 0.0173070 1.9848110 1.9848653 1.9785575 1.3338487 0.4301458 
gb|AST36143.1|ARO     1.9981455 0.0042418 0.5180206 1.9890915 1.9981455 0.0304544 1.9954409 1.9981455 1.1405332 1.9981455 1.9996976 1.1337674 0.0426606 1.1430378 1.1401819 1.7660630 1.9879202 0.0399840 1.9981455 1.1472939 1.7660630 0.0426917 2.1000858 1.9619823 0.0084905 0.0283832 0.0447491 2.0252126 1.9899523 0.0305595 0.0000000 0.0326576 0.0399840 1.9977308 1.9981455 1.9918096 1.3193861 0.4358001 
gb|AST36141.1|ARO     1.9673202 0.0371556 0.5253937 1.9584278 1.9673202 0.0021151 1.9646397 1.9673202 1.1389766 1.9673202 1.9688523 1.1322501 0.0307780 1.1414669 1.1386257 1.7900344 1.9802939 0.0282684 1.9673202 1.1456981 1.7900344 0.0307997 2.0913540 1.9501062 0.0326899 0.0214247 0.0328523 1.9939304 1.9592379 0.0192564 0.0326576 0.0000000 0.0282684 1.9672669 1.9673202 1.9610480 1.3126978 0.4286242 
gb|OYN70668.1|ARO     1.9759727 0.0354539 0.5204803 1.9670287 1.9759727 0.0260732 1.9732835 1.9759727 1.1121142 1.9759727 1.9775116 1.1055168 0.0021366 1.1145623 1.1117415 1.7821994 1.9399531 0.0000010 1.9759727 1.1187140 1.7821994 0.0042863 2.0463347 1.9103796 0.0445122 0.0107776 0.0042533 1.9967242 1.9678533 0.0173070 0.0399840 0.0282684 0.0000000 1.9759189 1.9759727 1.9696780 1.3289195 0.4246089 
gb|AQK48217.1|ARO     0.0020987 2.0079066 1.8745607 0.0042044 0.0020987 1.9731734 0.0042088 0.0020987 2.2197141 0.0020987 0.0042065 2.2147003 1.9647528 2.2180067 2.2208410 1.8473385 0.2128347 1.9759189 0.0020987 2.2223442 1.8473385 1.9609597 0.1910277 0.1991482 1.9891351 1.9861871 1.9599641 0.0084638 0.0042030 1.9848110 1.9977308 1.9672669 1.9759189 0.0000000 0.0020987 0.0042009 1.8995957 2.0942276 
gb|ANJ15621.1|ARO     0.0000010 2.0083185 1.8804761 0.0020988 0.0000010 1.9732270 0.0021010 0.0000010 2.2218423 0.0000010 0.0020998 2.2168260 1.9648059 2.2201332 2.2229723 1.8477881 0.2098553 1.9759727 0.0000010 2.2244753 1.8477881 1.9610125 0.1881598 0.1962311 1.9895508 1.9862415 1.9600168 0.0063377 0.0020981 1.9848653 1.9981455 1.9673202 1.9759727 0.0020987 0.0000000 0.0020971 1.9000392 2.0962468 
gb|APM87143.1|ARO     0.0020971 2.0019698 1.8744564 0.0042012 0.0020971 1.9669393 0.0042056 0.0020971 2.2150293 0.0020971 0.0042032 2.2100176 1.9585360 2.2133245 2.2161500 1.8424459 0.2126282 1.9696780 0.0020971 2.2176549 1.8424459 1.9547507 0.1908474 0.1989578 1.9832449 1.9799306 1.9537608 0.0084573 0.0041997 1.9785575 1.9918096 1.9610480 1.9696780 0.0042009 0.0020971 0.0000000 1.8945575 2.0897093 
gb|AVX52225.1|ARO     1.9000392 1.3207449 1.3275858 1.8913145 1.9000392 1.3162823 1.8866178 1.9000392 1.4021068 1.9000392 1.9015598 1.4389415 1.3129106 1.4000489 1.4020214 1.7290399 2.0193239 1.3289195 1.9000392 1.4103735 1.7290399 1.3075340 1.9418574 1.9837655 1.3263643 1.3293950 1.3170689 1.9126212 1.8994729 1.3338487 1.3193861 1.3126978 1.3289195 1.8995957 1.9000392 1.8945575 0.0000000 1.5327118 
gb|AUR80098.1|ARO     2.0962468 0.4391834 0.5587441 2.0866570 2.0962468 0.4289407 2.0934625 2.0962468 1.2343481 2.0962468 2.0984206 1.2271262 0.4311476 1.2340752 1.2366264 1.8560876 2.0910641 0.4246089 2.0962468 1.2415519 1.8560876 0.4317169 2.1949600 2.0840089 0.4328000 0.4277569 0.4245016 2.1130103 2.0876959 0.4301458 0.4358001 0.4286242 0.4246089 2.0942276 2.0962468 2.0897093 1.5327118 0.0000000 
